Epoch	Dice_Train	Dice_Val	AUC	Dice_11	Dice_22	Dice_33	AUC_1	AUC_2	AUC_3	
000	0.040394	0.000000	0.500000	0.000000	0.000000	0.000000	0.500000	0.500000	0.500000	
001	0.035295	0.000000	0.500000	0.000000	0.000000	0.000000	0.500000	0.500000	0.500000	
002	0.137583	0.094287	0.500000	0.242249	0.040613	0.000000	0.500000	0.500000	0.500000	
003	0.386700	0.228413	0.500000	0.455654	0.229584	0.000000	0.500000	0.500000	0.500000	
004	0.470393	0.363083	0.500000	0.716114	0.373136	0.000000	0.500000	0.500000	0.500000	
005	0.516498	0.299316	0.500000	0.568365	0.329583	0.000000	0.500000	0.500000	0.500000	
006	0.499650	0.360827	0.500000	0.686917	0.395563	0.000000	0.500000	0.500000	0.500000	
007	0.513775	0.376695	0.500000	0.711861	0.418225	0.000000	0.500000	0.500000	0.500000	
008	0.515171	0.302858	0.500000	0.519334	0.389240	0.000000	0.500000	0.500000	0.500000	
009	0.529121	0.360454	0.500000	0.663260	0.418103	0.000000	0.500000	0.500000	0.500000	
010	0.528483	0.321415	0.500000	0.533910	0.430279	0.000057	0.500000	0.500000	0.500000	
011	0.547417	0.369757	0.500000	0.694073	0.414491	0.000707	0.500000	0.500000	0.500000	
012	0.550982	0.370205	0.500000	0.691806	0.418801	0.000008	0.500000	0.500000	0.500000	
013	0.546067	0.382181	0.500000	0.728560	0.416191	0.001793	0.500000	0.500000	0.500000	
014	0.546438	0.360530	0.500000	0.674201	0.407390	0.000000	0.500000	0.500000	0.500000	
015	0.558737	0.350100	0.500000	0.573492	0.476243	0.000566	0.500000	0.500000	0.500000	
016	0.568831	0.346385	0.500000	0.626888	0.391954	0.020315	0.500000	0.500000	0.500000	
017	0.530612	0.412777	0.500000	0.674695	0.563636	0.000000	0.500000	0.500000	0.500000	
018	0.547025	0.382841	0.500000	0.602088	0.464516	0.081920	0.500000	0.500000	0.500000	
019	0.573900	0.400752	0.500000	0.627297	0.556041	0.018917	0.500000	0.500000	0.500000	
020	0.556305	0.344427	0.500000	0.583237	0.388275	0.061770	0.500000	0.500000	0.500000	
021	0.558281	0.429966	0.500000	0.713852	0.460427	0.115621	0.500000	0.500000	0.500000	
022	0.573860	0.390432	0.500000	0.598812	0.539253	0.033231	0.500000	0.500000	0.500000	
023	0.572919	0.404230	0.500000	0.623019	0.467664	0.122008	0.500000	0.500000	0.500000	
024	0.575027	0.410709	0.500000	0.705651	0.521564	0.004912	0.500000	0.500000	0.500000	
025	0.576660	0.355176	0.500000	0.609772	0.441489	0.014268	0.500000	0.500000	0.500000	
026	0.545552	0.314124	0.500000	0.568618	0.372230	0.001523	0.500000	0.500000	0.500000	
027	0.580049	0.506887	0.500000	0.689196	0.459970	0.371496	0.500000	0.500000	0.500000	
028	0.598816	0.416153	0.500000	0.660877	0.518372	0.069210	0.500000	0.500000	0.500000	
029	0.590857	0.433210	0.500000	0.815814	0.472738	0.011078	0.500000	0.500000	0.500000	
030	0.604203	0.396420	0.500000	0.711623	0.446582	0.031054	0.500000	0.500000	0.500000	
031	0.593705	0.361180	0.500000	0.546547	0.432111	0.104881	0.500000	0.500000	0.500000	
032	0.597196	0.362289	0.500000	0.609110	0.463696	0.014060	0.500000	0.500000	0.500000	
033	0.594594	0.371927	0.500000	0.630695	0.477184	0.007901	0.500000	0.500000	0.500000	
034	0.608818	0.416729	0.500000	0.520458	0.438369	0.291360	0.500000	0.500000	0.500000	
035	0.619426	0.498271	0.500000	0.765646	0.435809	0.293358	0.500000	0.500000	0.500000	
036	0.658286	0.468211	0.500000	0.710400	0.491942	0.202290	0.500000	0.500000	0.500000	
037	0.605238	0.457757	0.500000	0.675601	0.495864	0.201807	0.500000	0.500000	0.500000	
038	0.594820	0.355286	0.500000	0.562421	0.454620	0.048818	0.500000	0.500000	0.500000	
039	0.622747	0.505535	0.500000	0.644323	0.519839	0.352442	0.500000	0.500000	0.500000	
040	0.638535	0.407229	0.500000	0.544117	0.416879	0.260691	0.500000	0.500000	0.500000	
041	0.611627	0.462807	0.500000	0.672596	0.496075	0.219750	0.500000	0.500000	0.500000	
042	0.641512	0.444100	0.500000	0.572773	0.440224	0.319303	0.500000	0.500000	0.500000	
043	0.671655	0.512532	0.500000	0.612673	0.484696	0.440226	0.500000	0.500000	0.500000	
044	0.670664	0.426332	0.500000	0.662912	0.523117	0.092966	0.500000	0.500000	0.500000	
045	0.671747	0.471675	0.500000	0.577907	0.444915	0.392202	0.500000	0.500000	0.500000	
046	0.690313	0.459019	0.500000	0.634178	0.472259	0.270620	0.500000	0.500000	0.500000	
047	0.635972	0.359277	0.500000	0.715576	0.351167	0.011089	0.500000	0.500000	0.500000	
048	0.689373	0.504788	0.500000	0.572109	0.473509	0.468745	0.500000	0.500000	0.500000	
049	0.666376	0.516290	0.500000	0.616577	0.485865	0.446429	0.500000	0.500000	0.500000	
050	0.623730	0.513958	0.500000	0.571196	0.486249	0.484429	0.500000	0.500000	0.500000	
051	0.676125	0.540579	0.500000	0.723133	0.501034	0.397570	0.500000	0.500000	0.500000	
052	0.669576	0.496983	0.500000	0.795984	0.473114	0.221851	0.500000	0.500000	0.500000	
053	0.663359	0.508986	0.500000	0.694977	0.590531	0.241450	0.500000	0.500000	0.500000	
054	0.694855	0.561311	0.500000	0.773076	0.471874	0.438982	0.500000	0.500000	0.500000	
055	0.653051	0.515739	0.500000	0.685540	0.478743	0.382933	0.500000	0.500000	0.500000	
056	0.669431	0.496416	0.500000	0.603050	0.472459	0.413738	0.500000	0.500000	0.500000	
057	0.642885	0.375478	0.500000	0.663351	0.452487	0.010596	0.500000	0.500000	0.500000	
058	0.639169	0.521564	0.500000	0.758801	0.518196	0.287695	0.500000	0.500000	0.500000	
059	0.690626	0.510552	0.500000	0.578577	0.498991	0.454088	0.500000	0.500000	0.500000	
060	0.728394	0.510307	0.500000	0.567395	0.476333	0.487193	0.500000	0.500000	0.500000	
061	0.704900	0.547481	0.500000	0.649199	0.499092	0.494153	0.500000	0.500000	0.500000	
062	0.694218	0.531574	0.500000	0.531634	0.599016	0.464072	0.500000	0.500000	0.500000	
063	0.734756	0.575297	0.500000	0.631768	0.466380	0.627742	0.500000	0.500000	0.500000	
064	0.707583	0.624517	0.500000	0.680118	0.511271	0.682163	0.500000	0.500000	0.500000	
065	0.697776	0.549986	0.500000	0.578106	0.563329	0.508523	0.500000	0.500000	0.500000	
066	0.690164	0.564243	0.500000	0.689667	0.479672	0.523389	0.500000	0.500000	0.500000	
067	0.685871	0.492890	0.500000	0.691274	0.499941	0.287453	0.500000	0.500000	0.500000	
068	0.669796	0.478047	0.500000	0.722084	0.452708	0.259347	0.500000	0.500000	0.500000	
069	0.698313	0.588721	0.500000	0.658583	0.581682	0.525899	0.500000	0.500000	0.500000	
070	0.696918	0.540091	0.500000	0.747060	0.452140	0.421072	0.500000	0.500000	0.500000	
071	0.708823	0.630769	0.500000	0.645250	0.620195	0.626862	0.500000	0.500000	0.500000	
072	0.677257	0.495954	0.500000	0.624079	0.455875	0.407909	0.500000	0.500000	0.500000	
073	0.724209	0.567843	0.500000	0.591534	0.503419	0.608577	0.500000	0.500000	0.500000	
074	0.701615	0.539452	0.500000	0.655921	0.448143	0.514292	0.500000	0.500000	0.500000	
075	0.725112	0.509880	0.500000	0.750779	0.499945	0.278916	0.500000	0.500000	0.500000	
076	0.739099	0.504637	0.500000	0.554156	0.473994	0.485761	0.500000	0.500000	0.500000	
077	0.749659	0.470071	0.500000	0.555198	0.560793	0.294223	0.500000	0.500000	0.500000	
078	0.714659	0.521480	0.500000	0.645328	0.470326	0.448787	0.500000	0.500000	0.500000	
079	0.709713	0.536870	0.500000	0.650405	0.505683	0.454523	0.500000	0.500000	0.500000	
080	0.707585	0.572587	0.500000	0.631107	0.511948	0.574705	0.500000	0.500000	0.500000	
081	0.737670	0.588708	0.500000	0.606100	0.523403	0.636621	0.500000	0.500000	0.500000	
082	0.711945	0.567460	0.500000	0.615645	0.497865	0.588871	0.500000	0.500000	0.500000	
083	0.750708	0.566462	0.500000	0.541279	0.469158	0.688950	0.500000	0.500000	0.500000	
084	0.737606	0.532255	0.500000	0.565839	0.462848	0.568078	0.500000	0.500000	0.500000	
085	0.712979	0.588769	0.500000	0.568666	0.515816	0.681827	0.500000	0.500000	0.500000	
086	0.766934	0.602166	0.500000	0.686432	0.478013	0.642053	0.500000	0.500000	0.500000	
087	0.755780	0.560931	0.500000	0.587095	0.464864	0.630835	0.500000	0.500000	0.500000	
088	0.766427	0.563428	0.500000	0.621539	0.530155	0.538590	0.500000	0.500000	0.500000	
089	0.730902	0.579872	0.500000	0.622653	0.506509	0.610454	0.500000	0.500000	0.500000	
090	0.737135	0.613947	0.500000	0.642693	0.497199	0.701948	0.500000	0.500000	0.500000	
091	0.749564	0.483364	0.500000	0.587347	0.460611	0.402133	0.500000	0.500000	0.500000	
092	0.754243	0.580281	0.500000	0.598978	0.485502	0.656363	0.500000	0.500000	0.500000	
093	0.735103	0.559202	0.500000	0.568037	0.527947	0.581620	0.500000	0.500000	0.500000	
094	0.759189	0.674601	0.500000	0.781164	0.543976	0.698662	0.500000	0.500000	0.500000	
095	0.743512	0.539789	0.500000	0.530241	0.477313	0.611813	0.500000	0.500000	0.500000	
096	0.719073	0.457996	0.500000	0.611490	0.493214	0.269282	0.500000	0.500000	0.500000	
097	0.735209	0.535337	0.500000	0.615295	0.457854	0.532862	0.500000	0.500000	0.500000	
098	0.735437	0.651798	0.500000	0.627876	0.643602	0.683915	0.500000	0.500000	0.500000	
099	0.757144	0.404119	0.500000	0.591839	0.479452	0.141067	0.500000	0.500000	0.500000	
100	0.739092	0.486533	0.500000	0.744990	0.447207	0.267402	0.500000	0.500000	0.500000	
101	0.716982	0.563614	0.500000	0.614268	0.490206	0.586369	0.500000	0.500000	0.500000	
102	0.759733	0.439938	0.500000	0.556554	0.436666	0.326595	0.500000	0.500000	0.500000	
103	0.751558	0.487958	0.500000	0.500416	0.409144	0.554314	0.500000	0.500000	0.500000	
104	0.661284	0.581213	0.500000	0.549656	0.577006	0.616978	0.500000	0.500000	0.500000	
105	0.740138	0.398624	0.500000	0.665620	0.526355	0.003896	0.500000	0.500000	0.500000	
106	0.729560	0.589728	0.500000	0.681522	0.694899	0.392762	0.500000	0.500000	0.500000	
107	0.755895	0.623413	0.500000	0.642983	0.542852	0.684406	0.500000	0.500000	0.500000	
108	0.780641	0.535336	0.500000	0.613650	0.504595	0.487763	0.500000	0.500000	0.500000	
109	0.740296	0.600975	0.500000	0.586649	0.582511	0.633764	0.500000	0.500000	0.500000	
110	0.772662	0.647015	0.500000	0.758519	0.550963	0.631562	0.500000	0.500000	0.500000	
111	0.759295	0.623750	0.500000	0.712233	0.522228	0.636788	0.500000	0.500000	0.500000	
112	0.765585	0.617697	0.500000	0.599863	0.574261	0.678967	0.500000	0.500000	0.500000	
113	0.763334	0.588170	0.500000	0.648377	0.516296	0.599838	0.500000	0.500000	0.500000	
114	0.780521	0.551449	0.500000	0.602633	0.482607	0.569106	0.500000	0.500000	0.500000	
115	0.714067	0.495214	0.500000	0.622754	0.415013	0.447874	0.500000	0.500000	0.500000	
116	0.770208	0.523513	0.500000	0.561761	0.507971	0.500806	0.500000	0.500000	0.500000	
117	0.761132	0.528849	0.500000	0.571419	0.473801	0.541327	0.500000	0.500000	0.500000	
118	0.769311	0.588691	0.500000	0.600092	0.538682	0.627299	0.500000	0.500000	0.500000	
119	0.774516	0.561258	0.500000	0.506636	0.533665	0.643473	0.500000	0.500000	0.500000	
120	0.752509	0.525476	0.500000	0.456556	0.570535	0.549336	0.500000	0.500000	0.500000	
121	0.710630	0.593278	0.500000	0.802508	0.469312	0.508015	0.500000	0.500000	0.500000	
122	0.765024	0.588767	0.500000	0.584330	0.502462	0.679508	0.500000	0.500000	0.500000	
123	0.758001	0.596026	0.500000	0.563911	0.532395	0.691774	0.500000	0.500000	0.500000	
124	0.766253	0.526339	0.500000	0.657011	0.564405	0.357602	0.500000	0.500000	0.500000	
125	0.749895	0.623691	0.500000	0.793693	0.517364	0.560016	0.500000	0.500000	0.500000	
126	0.716013	0.469129	0.500000	0.724636	0.436285	0.246466	0.500000	0.500000	0.500000	
127	0.761408	0.660693	0.500000	0.723140	0.697409	0.561530	0.500000	0.500000	0.500000	
128	0.782006	0.536268	0.500000	0.649016	0.488845	0.470944	0.500000	0.500000	0.500000	
129	0.774139	0.548563	0.500000	0.605982	0.491110	0.548597	0.500000	0.500000	0.500000	
130	0.779328	0.470522	0.500000	0.597501	0.416542	0.397522	0.500000	0.500000	0.500000	
131	0.715209	0.448011	0.500000	0.468908	0.473857	0.401268	0.500000	0.500000	0.500000	
132	0.744619	0.532940	0.500000	0.616092	0.454583	0.528145	0.500000	0.500000	0.500000	
133	0.762784	0.606095	0.500000	0.550070	0.516239	0.751977	0.500000	0.500000	0.500000	
134	0.801857	0.545423	0.500000	0.546416	0.491280	0.598572	0.500000	0.500000	0.500000	
135	0.780602	0.529269	0.500000	0.510145	0.499212	0.578451	0.500000	0.500000	0.500000	
136	0.745839	0.510181	0.500000	0.601900	0.502578	0.426064	0.500000	0.500000	0.500000	
137	0.781337	0.544086	0.500000	0.578021	0.472305	0.581931	0.500000	0.500000	0.500000	
138	0.786744	0.491202	0.500000	0.555984	0.393184	0.524438	0.500000	0.500000	0.500000	
139	0.755903	0.471458	0.500000	0.700394	0.411402	0.302578	0.500000	0.500000	0.500000	
140	0.759367	0.538099	0.500000	0.590581	0.499803	0.523913	0.500000	0.500000	0.500000	
141	0.753132	0.649015	0.500000	0.687475	0.547309	0.712262	0.500000	0.500000	0.500000	
142	0.807357	0.576749	0.500000	0.738564	0.503817	0.487865	0.500000	0.500000	0.500000	
143	0.768768	0.551327	0.500000	0.591270	0.492271	0.570439	0.500000	0.500000	0.500000	
144	0.748285	0.583018	0.500000	0.592571	0.490097	0.666387	0.500000	0.500000	0.500000	
145	0.787081	0.541545	0.500000	0.539204	0.499929	0.585502	0.500000	0.500000	0.500000	
146	0.784364	0.535847	0.500000	0.590278	0.465190	0.552074	0.500000	0.500000	0.500000	
147	0.769758	0.449043	0.500000	0.487798	0.531665	0.327665	0.500000	0.500000	0.500000	
148	0.775325	0.526714	0.500000	0.631305	0.466100	0.482739	0.500000	0.500000	0.500000	
149	0.791915	0.532277	0.500000	0.638050	0.500076	0.458706	0.500000	0.500000	0.500000	
